100
24 4
7 7
91 12
81 13
37 3
29 6
50 3
90 8
2 2
83 13
88 8
63 4
52 3
97 0
74 4
79 0
13 10
49 3
7 4
67 13
96 0
72 2
49 0
55 5
86 3
87 12
92 0
55 0
47 14
51 14
23 5
5 3
17 12
15 14
80 2
16 10
24 4
80 12
17 4
43 9
3 0
16 2
44 0
94 5
23 11
12 8
44 0
15 2
14 0
53 0
97 11
86 6
21 12
59 0
50 14
19 13
20 10
94 0
29 1
13 1
82 0
11 0
3 2
33 6
34 6
79 12
11 0
51 0
83 11
92 4
52 14
73 0
37 5
14 0
62 1
71 7
73 6
82 7
41 6
71 0
67 0
70 0
87 1
2 3
18 0
88 0
63 171
53 1
19 6
47 0
0 0
91 0
58 0
27 5
74 5
27 14
96 11
65 13
21 8
34 0