200
151 0
1 0
127 0
63 0
43 0
130 21
174 24
104 0
40 14
153 2
146 0
153 0
118 0
107 0
199 0
141 0
91 0
133 0
47 10
139 0
126 1
4 0
132 6
172 0
89 0
21 0
124 3
21 10
9 0
76 0
193 0
156 0
10 18
171 0
23 0
11 0
174 0
74 0
195 0
69 0
183 0
54 8
96 0
160 0
142 0
115 0
95 2
137 0
47 8
31 13
6 0
27 10
133 0
119 0
40 0
28 0
99 0
42 0
17 0
187 0
2 0
131 4
20 0
34 0
19 323
83 0
139 0
7 1
121 0
64 0
177 0
62 0
181 0
24 0
11 0
199 0
123 0
149 0
186 0
104 24
24 0
106 8
109 0
136 23
191 0
85 0
80 0
18 0
23 0
97 12
85 0
44 0
106 0
122 27
100 0
31 0
8 0
105 17
72 0
67 0
157 8
1 0
127 0
145 0
198 0
83 0
160 0
63 0
166 0
35 14
8 26
134 0
12 0
200 0
130 0
181 0
97 0
147 0
96 0
165 0
0 0
191 0
95 0
69 0
168 5
177 0
132 0
86 0
124 0
131 4
101 15
194 0
122 0
90 0
144 0
22 0
35 0
190 0
184 6
103 0
129 0
101 0
156 27
140 8
184 0
38 1
17 13
91 0
103 26
5 0
157 15
16 1
125 13
86 0
87 0
89 5
9 0
200 0
87 18
67 0
186 10
171 0
90 24
173 19
108 0
185 0
164 0
196 24
144 18
111 0
55 0
4 0
193 0
143 12
100 0
18 0
22 0
145 23
128 0
105 4
166 0
13 21
44 6
121 0
45 0
6 11
74 11
80 5
194 0
66 2
151 15
5 0
142 0
20 0
187 0
164 0
46 0
76 0
2 0
43 0