200
103 6
168 18
116 0
120 0
166 0
190 0
181 1
170 0
125 25
189 0
124 0
130 0
91 0
31 0
9 0
194 0
171 0
44 0
65 0
198 0
174 0
45 0
77 0
145 0
73 20
57 0
77 0
65 0
132 0
66 1
54 0
68 0
49 11
13 9
97 0
132 0
112 0
119 0
27 0
67 0
4 0
121 25
30 5
183 28
93 0
19 0
78 24
83 0
41 322
191 12
41 19
166 0
37 0
171 0
0 0
95 8
129 0
25 0
69 10
47 0
142 0
35 20
106 0
124 0
87 8
71 0
80 0
84 0
172 12
183 0
83 0
102 29
82 0
95 9
140 0
118 0
87 0
50 0
150 0
112 0
29 0
55 0
165 24
97 0
111 0
162 0
63 0
117 20
139 0
5 0
174 0
139 0
141 0
29 0
185 21
182 13
91 0
21 0
46 0
141 0
156 0
80 0
82 0
66 14
190 0
157 0
54 0
138 18
71 0
165 0
102 8
172 0
145 0
177 0
173 0
42 0
61 0
18 0
86 0
121 0
1 0
175 25
147 0
92 8
106 0
94 0
55 27
167 0
127 0
93 0
89 0
181 0
5 0
50 3
140 24
61 0
130 0
142 0
63 0
46 4
58 0
86 0
6 0
186 0
9 0
37 0
156 0
200 8
150 0
200 0
133 0
199 0
103 0
125 0
47 0
23 0
127 0
21 0
198 0
76 3
105 0
70 0
123 22
147 0
44 0
57 0
74 0
118 4
104 0
10 10
20 5
7 0
187 0
157 7
191 20
154 0
128 17
188 0
69 23
192 0
18 0
88 0
73 1
8 4
36 0
153 0
182 0
129 20
48 0
19 0
7 0
186 0
1 0
115 0
20 0
10 0
52 0
25 0
13 24
58 0