350
296 0
339 0
277 0
218 0
100 0
82 0
298 6
244 0
213 0
31 0
325 0
240 0
90 0
115 0
152 11
319 0
310 0
309 10
342 0
229 0
218 0
169 0
207 2
62 21
112 10
322 10
302 0
318 0
211 27
135 15
323 0
64 0
158 0
67 5
180 0
342 0
237 0
337 0
323 0
327 0
281 0
26 0
243 27
179 0
59 0
33 0
154 0
329 0
55 9
193 15
325 0
133 0
124 0
53 0
186 0
283 0
184 0
213 0
332 0
131 10
58 0
27 14
297 0
194 0
101 0
174 0
153 0
93 0
345 0
150 28
30 0
284 0
36 0
140 0
308 0
177 0
329 2
102 4
348 0
157 0
87 0
64 0
11 0
203 11
197 17
187 0
302 0
155 2
179 0
222 0
310 0
21 0
161 0
230 0
97 0
326 0
269 0
74 0
275 0
241 0
147 16
195 0
227 5
31 0
135 0
228 0
61 0
57 1
82 21
27 0
133 23
6 0
138 0
349 0
332 0
214 8
34 0
127 0
246 0
98 28
29 0
145 0
1 7
3 6
297 0
107 0
17 15
253 0
163 0
298 0
161 0
28 0
96 0
233 0
335 0
60 0
141 9
274 0
321 10
197 12
230 0
285 0
68 0
168 11
143 0
193 0
1 0
341 0
319 0
328 5
334 10
320 0
104 27
116 0
349 0
199 0
327 0
252 0
286 0
187 0
37 0
318 0
58 0
326 0
217 0
164 0
226 0
192 0
151 0
92 0
312 13
105 0
241 0
296 0
49 12
245 0
348 0
28 0
121 0
261 0
313 0
168 0
195 7
221 1
3 22
222 0
206 0
2 0
33 3
122 0
158 0
134 0
245 0
87 0
43 0
301 29
23 0
190 0
109 9
340 0
286 0
79 0
162 0
86 18
139 0
39 0
68 12
151 5
236 0
48 0
185 0
350 0
81 0
153 0
271 0
202 10
300 5
143 0
49 0
233 13
37 0
19 0
200 20
52 0
330 0
339 0
248 0
235 0
261 0
54 0
139 13
240 0
73 7
94 4
252 0
272 0
0 0
114 0
118 7
196 9
336 2
254 0
221 0
301 18
79 0
54 0
60 497
36 0
174 0
83 0
191 0
194 0
334 0
285 0
23 0
103 0
2 0
44 21
155 0
211 0
93 0
238 0
34 0
104 18
86 0
122 0
227 20
107 0
89 0
300 0
277 0
229 0
180 6
55 0
96 1
44 0
108 0
81 0
271 20
35 2
121 0
328 0
137 0
110 0
260 0
335 1
144 0
219 0
263 0
88 0
21 18
53 0
196 0
188 0
190 0
9 0
123 0
320 0
312 0
20 0
164 0
57 0
185 17
6 0
7 0
48 0
117 0
314 11
62 5
309 2
178 0
102 0
207 0
162 0
90 0
13 0
284 0
124 0
248 0
184 18
9 0
131 12
237 0
98 0
35 0
278 0
272 0
18 26
321 0
203 0
260 0
29 16
17 7
147 0
278 0
186 0
89 0
103 0
243 0
206 0
30 0
108 0
273 23
66 0
76 0
134 0
235 6
281 0
314 19
63 25